image_width: 640
image_height: 480
camera_name: head_camera
camera_matrix:
  rows: 3
  cols: 3
  data: [876.5611, 0, 234.805596, 0, 875.28228, 232.578162, 0, 0, 1]
distortion_model: plumb_bob
distortion_coefficients:
  rows: 1
  cols: 5
  data: [-0.262987, 0.032578, 0.010747, -0.002176, 0]
rectification_matrix:
  rows: 3
  cols: 3
  data: [1, 0, 0, 0, 1, 0, 0, 0, 1]
projection_matrix:
  rows: 3
  cols: 4
  data: [876.5611, 0, 234.805596, 0, 0, 875.28228, 232.578162, 0, 0, 0, 1, 0]
